Input File: LargeRandom.txt


BubbleSort Before: 

4 12 23 34 74 65 42 12 54 69 
48 45 63 58 38 60 24 42 30 79 
17 36 91 43 89 7 41 43 65 49 
47 6 91 30 71 51 7 2 94 49 
30 24 85 55 57 41 67 77 32 9 
BubbleSort After: 

2 4 6 7 7 9 12 12 17 23 
24 24 30 30 30 32 34 36 38 41 
41 42 42 43 43 45 47 48 49 49 
51 54 55 57 58 60 63 65 65 67 
69 71 74 77 79 85 89 91 91 94 
Comparisons: 0
Swaps: 0


InsertionSort Before: 

4 12 23 34 74 65 42 12 54 69 
48 45 63 58 38 60 24 42 30 79 
17 36 91 43 89 7 41 43 65 49 
47 6 91 30 71 51 7 2 94 49 
30 24 85 55 57 41 67 77 32 9 
Insertion Sort After: 

Comparisons: 612
Swaps:0

 
